100 50 2 3 4 7 8 9 10 11 12 15 16 19 20 24 26 30 32 34 36 39 40 45 48 50 52 54 56 57 61 62 63 64 68 69 70 73 75 76 77 78 81 85 90 92 93 94 95 96 97 98 
1 2 282475249
2 3 984943658
2 4 470211272
1 5 1457850878
4 6 2007237709
1 7 1115438165
1 8 74243042
4 9 1137522503
8 10 16531729
1 11 143542612
7 12 1474833169
10 13 1998097157
13 14 1131570933
14 15 1404280278
12 16 1505795335
10 17 1636807826
1 18 101929267
9 19 704877633
2 20 1624379149
20 21 784558821
14 22 2110010672
10 23 1617819336
20 24 156091745
21 25 1899894091
20 26 937186357
14 27 1025921153
26 28 590357944
1 29 357571490
21 30 1927702196
1 31 130060903
7 32 1083454666
6 33 685118024
33 34 1060806853
26 35 194847408
24 36 158374933
23 37 824938981
1 38 1962408013
6 39 997389814
6 40 107554536
26 41 1654001669
32 42 269220094
22 43 1478446501
40 44 1351934195
18 45 1557810404
37 46 1908194298
15 47 657821123
17 48 1102246882
1 49 1816731566
49 50 1807130337
39 51 892053144
13 52 1004844897
16 53 382955828
2 54 1227619358
2 55 70982397
5 56 1070477904
10 57 1606946231
36 58 1912844175
30 59 1808266298
45 60 456880399
9 61 280090412
59 62 589673557
43 63 889688008
17 64 1524325968
10 65 515204530
2 66 681910962
59 67 1400285365
37 68 1463179852
68 69 832633821
61 70 316824712
42 71 1815859901
50 72 2051724831
51 73 318153057
37 74 877819790
57 75 1213110679
36 76 1049077006
33 77 2063936098
25 78 428975319
37 79 1351345223
29 80 1398556760
26 81 1724586126
28 82 1023129506
54 83 436476770
42 84 1936329094
37 85 304987844
47 86 881140534
63 87 1901915394
8 88 348318738
5 89 784559590
59 90 290145159
44 91 977764947
84 92 971307217
29 93 2000755539
69 94 462242385
47 95 1951894885
79 96 1848682420
81 97 1086531968
96 98 1755699915
72 99 992663534
71 100 1358796011
53 80 1479575244
